0 321
0 322
0 323
0 324
0 325
0 326
0 327
0 328
0 329
0 330
0 331
0 332
0 333
0 334
0 335
0 336
0 337
0 338
0 339
0 340
0 341
0 342
0 343
0 344
0 345
0 346
0 347
0 348
0 349
0 350
0 351
0 352
0 353
0 354
0 355
0 356
0 357
0 358
0 359
0 360
0 361
0 362
0 363
0 364
0 365
0 366
0 367
0 368
0 369
0 370
0 371
0 372
0 373
0 374
0 375
0 376
0 377
0 378
0 379
0 380
0 381
0 382
0 383
0 384
0 385
0 386
0 387
0 388
0 389
0 390
0 391
0 392
0 393
0 394
0 395
0 396
0 397
0 398
0 399
0 400
0 401
0 402
0 403
0 404
0 405
0 406
0 407
0 408
0 409
0 410
0 411
0 412
0 413
0 414
0 415
0 416
0 417
0 418
0 419
0 420
0 421
0 422
0 423
0 424
0 425
0 426
0 427
0 428
0 429
0 430
0 431
0 432
0 433
0 434
0 435
0 436
0 437
0 438
0 439
0 440
0 441
0 442
0 443
0 444
0 445
0 446
0 447
0 448
0 449
0 450
0 451
0 452
0 453
0 454
0 455
0 456
0 457
0 458
0 459
0 460
0 461
0 462
0 463
0 464
0 465
0 466
0 467
0 468
0 469
0 470
0 471
0 472
0 473
0 474
0 475
0 476
0 477
0 478
0 479
0 480
0 481
0 482
0 483
0 484
0 485
0 486
0 487
0 488
0 489
0 490
0 491
0 492
0 493
0 494
0 495
0 496
0 497
0 498
0 499
1 321
1 322
1 323
1 324
1 325
1 326
1 327
1 328
1 329
1 330
1 331
1 332
1 333
1 334
1 335
1 336
1 337
1 338
1 339
1 340
1 341
1 342
1 343
1 344
1 345
1 346
1 347
1 348
1 349
1 350
1 351
1 352
1 353
1 354
1 355
1 356
1 357
1 358
1 359
1 360
1 361
1 362
1 363
1 364
1 365
1 366
1 367
1 368
1 369
1 370
1 371
1 372
1 373
1 374
1 375
1 376
1 377
1 378
1 379
1 380
1 381
1 382
1 383
1 384
1 385
1 386
1 387
1 388
1 389
1 390
1 391
1 392
1 393
1 394
1 395
1 396
1 397
1 398
1 399
1 400
1 401
1 402
1 403
1 404
1 405
1 406
1 407
1 408
1 409
1 410
1 411
1 412
1 413
1 414
1 415
1 416
1 417
1 418
1 419
1 420
1 421
1 422
1 423
1 424
1 425
1 426
1 427
1 428
1 429
1 430
1 431
1 432
1 433
1 434
1 435
1 436
1 437
1 438
1 439
1 440
1 441
1 442
1 443
1 444
1 445
1 446
1 447
1 448
1 449
1 450
1 451
1 452
1 453
1 454
1 455
1 456
1 457
1 458
1 459
1 460
1 461
1 462
1 463
1 464
1 465
1 466
1 467
1 468
1 469
1 470
1 471
1 472
1 473
1 474
1 475
1 476
1 477
1 478
1 479
1 480
1 481
1 482
1 483
1 484
1 485
1 486
1 487
1 488
1 489
1 490
1 491
1 492
1 493
1 494
1 495
1 496
1 497
1 498
1 499
2 321
2 322
2 323
2 324
2 325
2 326
2 327
2 328
2 329
2 330
2 331
2 332
2 333
2 334
2 335
2 336
2 337
2 338
2 339
2 340
2 341
2 342
2 343
2 344
2 345
2 346
2 347
2 348
2 349
2 350
2 351
2 352
2 353
2 354
2 355
2 356
2 357
2 358
2 359
2 360
2 361
2 362
2 363
2 364
2 365
2 366
2 367
2 368
2 369
2 370
2 371
2 372
2 373
2 374
2 375
2 376
2 377
2 378
2 379
2 380
2 381
2 382
2 383
2 384
2 385
2 386
2 387
2 388
2 389
2 390
2 391
2 392
2 393
2 394
2 395
2 396
2 397
2 398
2 399
2 400
2 401
2 402
2 403
2 404
2 405
2 406
2 407
2 408
2 409
2 410
2 411
2 412
2 413
2 414
2 415
2 416
2 417
2 418
2 419
2 420
2 421
2 422
2 423
2 424
2 425
2 426
2 427
2 428
2 429
2 430
2 431
2 432
2 433
2 434
2 435
2 436
2 437
2 438
2 439
2 440
2 441
2 442
2 443
2 444
2 445
2 446
2 447
2 448
2 449
2 450
2 451
2 452
2 453
2 454
2 455
2 456
2 457
2 458
2 459
2 460
2 461
2 462
2 463
2 464
2 465
2 466
2 467
2 468
2 469
2 470
2 471
2 472
2 473
2 474
2 475
2 476
2 477
2 478
2 479
2 480
2 481
2 482
2 483
2 484
2 485
2 486
2 487
2 488
2 489
2 490
2 491
2 492
2 493
2 494
2 495
2 496
2 497
2 498
2 499
3 321
3 322
3 323
3 324
3 325
3 326
3 327
3 328
3 329
3 330
3 331
3 332
3 333
3 334
3 335
3 336
3 337
3 338
3 339
3 340
3 341
3 342
3 343
3 344
3 345
3 346
3 347
3 348
3 349
3 350
3 351
3 352
3 353
3 354
3 355
3 356
3 357
3 358
3 359
3 360
3 361
3 362
3 363
3 364
3 365
3 366
3 367
3 368
3 369
3 370
3 371
3 372
3 373
3 374
3 375
3 376
3 377
3 378
3 379
3 380
3 381
3 382
3 383
3 384
3 385
3 386
3 387
3 388
3 389
3 390
3 391
3 392
3 393
3 394
3 395
3 396
3 397
3 398
3 399
3 400
3 401
3 402
3 403
3 404
3 405
3 406
3 407
3 408
3 409
3 410
3 411
3 412
3 413
3 414
3 415
3 416
3 417
3 418
3 419
3 420
3 421
3 422
3 423
3 424
3 425
3 426
3 427
3 428
3 429
3 430
3 431
3 432
3 433
3 434
3 435
3 436
3 437
3 438
3 439
3 440
3 441
3 442
3 443
3 444
3 445
3 446
3 447
3 448
3 449
3 450
3 451
3 452
3 453
3 454
3 455
3 456
3 457
3 458
3 459
3 460
3 461
3 462
3 463
3 464
3 465
3 466
3 467
3 468
3 469
3 470
3 471
3 472
3 473
3 474
3 475
3 476
3 477
3 478
3 479
3 480
3 481
3 482
3 483
3 484
3 485
3 486
3 487
3 488
3 489
3 490
3 491
3 492
3 493
3 494
3 495
3 496
3 497
3 498
3 499
4 321
4 322
4 323
4 324
4 325
4 326
4 327
4 328
4 329
4 330
4 331
4 332
4 333
4 334
4 335
4 336
4 337
4 338
4 339
4 340
4 341
4 342
4 343
4 344
4 345
4 346
4 347
4 348
4 349
4 350
4 351
4 352
4 353
4 354
4 355
4 356
4 357
4 358
4 359
4 360
4 361
4 362
4 363
4 364
4 365
4 366
4 367
4 368
4 369
4 370
4 371
4 372
4 373
4 374
4 375
4 376
4 377
4 378
4 379
4 380
4 381
4 382
4 383
4 384
4 385
4 386
4 387
4 388
4 389
4 390
4 391
4 392
4 393
4 394
4 395
4 396
4 397
4 398
4 399
4 400
4 401
4 402
4 403
4 404
4 405
4 406
4 407
4 408
4 409
4 410
4 411
4 412
4 413
4 414
4 415
4 416
4 417
4 418
4 419
4 420
4 421
4 422
4 423
4 424
4 425
4 426
4 427
4 428
4 429
4 430
4 431
4 432
4 433
4 434
4 435
4 436
4 437
4 438
4 439
4 440
4 441
4 442
4 443
4 444
4 445
4 446
4 447
4 448
4 449
4 450
4 451
4 452
4 453
4 454
4 455
4 456
4 457
4 458
4 459
4 460
4 461
4 462
4 463
4 464
4 465
4 466
4 467
4 468
4 469
4 470
4 471
4 472
4 473
4 474
4 475
4 476
4 477
4 478
4 479
4 480
4 481
4 482
4 483
4 484
4 485
4 486
4 487
4 488
4 489
4 490
4 491
4 492
4 493
4 494
4 495
4 496
4 497
4 498
4 499
5 321
5 322
5 323
5 324
5 325
5 326
5 327
5 328
5 329
5 330
5 331
5 332
5 333
5 334
5 335
5 336
5 337
5 338
5 339
5 340
5 341
5 342
5 343
5 344
5 345
5 346
5 347
5 348
5 349
5 350
5 351
5 352
5 353
5 354
5 355
5 356
5 357
5 358
5 359
5 360
5 361
5 362
5 363
5 364
5 365
5 366
5 367
5 368
5 369
5 370
5 371
5 372
5 373
5 374
5 375
5 376
5 377
5 378
5 379
5 380
5 381
5 382
5 383
5 384
5 385
5 386
5 387
5 388
5 389
5 390
5 391
5 392
5 393
5 394
5 395
5 396
5 397
5 398
5 399
5 400
5 401
5 402
5 403
5 404
5 405
5 406
5 407
5 408
5 409
5 410
5 411
5 412
5 413
5 414
5 415
5 416
5 417
5 418
5 419
5 420
5 421
5 422
5 423
5 424
5 425
211 212
367 368
198 199
233 234
226 227
252 253
414 415
219 220
132 133
89 90
230 231
77 78
78 79
407 408
105 106
76 77
7 8
75 76
385 386
76 78
76 79
77 79
448 449
75 77
75 78
75 79
31 32
115 116
303 304
302 303
306 307
57 58
408 409
302 304
43 44
407 409
310 311
370 371
371 372
220 221
225 226
219 221
225 227
248 249
164 165
443 444
163 164
8 9
454 455
370 372
341 342
7 9
218 219
390 391
163 165
463 464
455 456
71 72
72 73
229 230
260 261
218 220
218 221
454 456
30 31
88 89
406 407
71 73
494 495
405 406
229 231
56 57
234 235
233 235
88 90
55 56
366 367
30 32
287 288
101 102
405 407
405 408
405 409
406 408
406 409
153 154
197 198
190 191
55 57
55 58
56 58
378 379
366 368
424 425
36 37
453 454
425 426
189 190
15 16
245 246
493 494
355 356
356 357
472 473
331 332
374 375
148 149
355 357
424 426
158 159
471 472
73 74
453 455
453 456
74 75
493 495
482 483
71 74
72 74
411 412
413 414
412 413
150 151
399 400
189 191
334 335
335 336
29 30
301 302
471 473
337 338
336 337
28 29
300 301
71 75
71 76
71 77
71 78
71 79
72 75
72 76
72 77
72 78
72 79
73 75
73 76
73 77
73 78
73 79
74 76
74 77
74 78
74 79
133 134
134 135
132 134
197 199
202 203
315 316
149 150
261 262
28 30
28 31
28 32
29 31
29 32
260 262
412 414
412 415
413 415
11 12
411 413
411 414
411 415
336 338
386 387
387 388
385 387
334 336
334 337
334 338
335 337
335 338
148 150
132 135
133 135
276 277
264 265
368 369
369 370
131 132
188 189
187 188
300 302
300 303
300 304
301 303
301 304
367 369
130 131
366 369
421 422
456 457
454 457
455 457
148 151
149 151
377 378
157 158
466 467
453 457
415 416
237 238
215 216
224 225
35 36
130 132
130 133
130 134
130 135
131 133
131 134
131 135
304 305
305 306
414 416
302 305
303 305
299 300
34 35
187 189
187 190
187 191
188 190
188 191
437 438
94 95
385 388
386 388
151 152
316 317
377 379
152 153
366 370
366 371
366 372
367 370
367 371
367 372
368 370
368 371
368 372
369 371
369 372
412 416
413 416
411 416
25 26
315 317
300 305
301 305
34 36
34 37
35 37
148 152
149 152
150 152
291 292
292 293
157 159
299 301
299 302
299 303
299 304
106 107
148 153
148 154
149 153
149 154
150 153
150 154
151 153
151 154
152 154
299 305
418 419
184 185
299 306
299 307
300 306
300 307
301 306
301 307
302 306
302 307
303 306
303 307
304 306
304 307
305 307
105 107
440 441
224 226
224 227
121 122
176 177
141 142
291 293
173 174
363 364
352 353
214 215
434 435
282 283
123 124
122 123
452 453
451 452
100 101
167 168
97 98
475 476
403 404
58 59
57 59
404 405
55 59
56 59
100 102
333 334
332 333
449 450
280 281
281 282
450 451
331 333
448 450
214 216
364 365
460 461
365 366
121 123
46 47
121 124
122 124
21 22
22 23
383 384
384 385
177 178
403 405
403 406
403 407
403 408
403 409
404 406
404 407
404 408
404 409
21 23
487 488
451 453
451 454
451 455
451 456
451 457
452 454
452 455
452 456
452 457
85 86
102 103
104 105
409 410
101 103
363 365
100 103
410 411
407 410
408 410
156 157
66 67
65 66
405 410
406 410
331 334
331 335
331 336
331 337
331 338
332 334
332 335
332 336
332 337
332 338
333 335
333 336
333 337
333 338
363 366
363 367
363 368
363 369
363 370
363 371
363 372
364 366
364 367
364 368
364 369
364 370
364 371
364 372
365 367
365 368
365 369
365 370
365 371
365 372
183 184
448 451
448 452
448 453
448 454
448 455
448 456
448 457
449 451
449 452
449 453
449 454
449 455
449 456
449 457
450 452
450 453
450 454
450 455
450 456
450 457
280 282
280 283
281 283
103 104
194 195
26 27
27 28
176 178
25 27
403 410
404 410
193 194
342 343
343 344
25 28
25 29
25 30
25 31
25 32
26 28
26 29
26 30
26 31
26 32
27 29
27 30
27 31
27 32
341 343
490 491
403 411
403 412
403 413
403 414
403 415
403 416
404 411
404 412
404 413
404 414
404 415
404 416
405 411
405 412
405 413
405 414
405 415
405 416
406 411
406 412
406 413
406 414
406 415
406 416
407 411
407 412
407 413
407 414
407 415
407 416
408 411
408 412
408 413
408 414
408 415
408 416
409 411
409 412
409 413
409 414
409 415
409 416
410 412
410 413
410 414
410 415
410 416
100 104
101 104
102 104
383 385
383 386
383 387
383 388
384 386
384 387
384 388
65 67
100 105
100 106
100 107
101 105
101 106
101 107
102 105
102 106
102 107
103 105
103 106
103 107
104 106
104 107
247 248
246 247
359 360
116 117
115 117
245 247
193 195
360 361
165 166
166 167
164 166
163 166
348 349
10 11
9 10
203 204
495 496
7 10
8 10
330 331
52 53
51 52
107 108
494 496
105 108
106 108
0 1
493 496
354 355
7 11
7 12
8 11
8 12
9 11
9 12
10 12
341 344
342 344
486 487
93 94
235 236
236 237
233 236
234 236
359 361
202 204
51 53
464 465
465 466
463 465
181 182
182 183
95 96
96 97
118 119
94 96
210 211
309 310
100 108
101 108
102 108
103 108
104 108
117 118
156 158
156 159
416 417
417 418
183 185
353 354
422 423
423 424
411 417
412 417
413 417
414 417
415 417
44 45
43 45
245 248
245 249
246 248
246 249
247 249
83 84
163 167
163 168
164 167
164 168
165 167
165 168
166 168
84 85
93 95
421 423
115 118
116 118
45 46
361 362
362 363
403 417
404 417
405 417
406 417
407 417
408 417
409 417
410 417
115 119
116 119
117 119
352 354
486 488
212 213
213 214
211 213
210 212
253 254
16 17
93 96
309 311
268 269
267 268
217 218
216 217
252 254
221 222
219 222
220 222
218 222
93 97
93 98
94 97
94 98
95 97
95 98
96 98
15 17
83 85
83 86
84 86
397 398
398 399
359 362
360 362
330 332
330 333
330 334
330 335
330 336
330 337
330 338
444 445
445 446
443 445
488 489
489 490
463 466
463 467
464 466
464 467
465 467
43 46
43 47
44 46
44 47
45 47
32 33
33 34
31 33
67 68
68 69
487 489
215 217
233 237
233 238
234 237
234 238
235 237
235 238
236 238
214 217
298 299
254 255
207 208
210 213
30 33
352 355
352 356
352 357
353 355
353 356
353 357
354 356
354 357
403 418
403 419
404 418
404 419
405 418
405 419
406 418
406 419
407 418
407 419
408 418
408 419
409 418
409 419
410 418
410 419
411 418
411 419
412 418
412 419
413 418
413 419
414 418
414 419
415 418
415 419
416 418
416 419
417 419
114 115
28 33
29 33
486 489
210 214
210 215
210 216
211 214
211 215
211 216
212 214
212 215
212 216
213 215
213 216
144 145
210 217
211 217
212 217
213 217
267 269
210 218
210 219
210 220
210 221
210 222
211 218
211 219
211 220
211 221
211 222
212 218
212 219
212 220
212 221
212 222
213 218
213 219
213 220
213 221
213 222
214 218
214 219
214 220
214 221
214 222
215 218
215 219
215 220
215 221
215 222
216 218
216 219
216 220
216 221
216 222
217 219
217 220
217 221
217 222
252 255
253 255
277 278
262 263
263 264
260 263
261 263
322 323
321 322
181 183
181 184
181 185
182 184
182 185
14 15
421 424
421 425
421 426
422 424
422 425
422 426
423 425
423 426
25 33
26 33
27 33
276 278
459 460
359 363
359 364
359 365
359 366
359 367
359 368
359 369
359 370
359 371
359 372
360 363
360 364
360 365
360 366
360 367
360 368
360 369
360 370
360 371
360 372
361 363
361 364
361 365
361 366
361 367
361 368
361 369
361 370
361 371
361 372
362 364
362 365
362 366
362 367
362 368
362 369
362 370
362 371
362 372
206 207
25 34
25 35
25 36
25 37
26 34
26 35
26 36
26 37
27 34
27 35
27 36
27 37
28 34
28 35
28 36
28 37
29 34
29 35
29 36
29 37
30 34
30 35
30 36
30 37
31 34
31 35
31 36
31 37
32 34
32 35
32 36
32 37
33 35
33 36
33 37
311 312
312 313
310 312
14 16
14 17
486 490
486 491
487 490
487 491
488 490
488 491
489 491
65 68
66 68
298 300
298 301
298 302
298 303
298 304
298 305
298 306
298 307
467 468
435 436
436 437
265 266
266 267
466 468
296 297
434 436
61 62
174 175
175 176
173 175
264 266
297 298
69 70
70 71
286 287
397 399
397 400
398 400
463 468
464 468
465 468
260 264
260 265
261 264
261 265
262 264
262 265
263 265
321 323
114 116
114 117
114 118
114 119
309 312
244 245
65 69
66 69
67 69
394 395
109 110
285 286
393 394
260 266
261 266
262 266
263 266
65 70
