dim = 2, n = 500, k = 2
0 499   0 321 337018.695500     0 1 273686.057625
1 499   0 321 337018.695500     0 1 273686.057625
2 499   0 321 337018.695500     0 1 273686.057625
3 499   0 321 337018.695500     0 1 273686.057625
4 499   0 321 337018.695500     0 1 273686.057625
5 499   0 321 337018.695500     0 1 273686.057625
6 499   0 321 337018.695500     0 1 273686.057625
7 499   0 321 337018.695500     7 8 219325.987612
8 499   0 321 337018.695500     7 8 219325.987612
9 499   0 321 337018.695500     7 8 219325.987612
10 499  0 321 337018.695500     7 8 219325.987612
11 499  0 321 337018.695500     7 8 219325.987612
12 499  0 321 337018.695500     7 8 219325.987612
13 499  0 321 337018.695500     7 8 219325.987612
14 499  0 321 337018.695500     7 8 219325.987612
15 499  0 321 337018.695500     7 8 219325.987612
16 499  0 321 337018.695500     7 8 219325.987612
17 499  0 321 337018.695500     7 8 219325.987612
18 499  0 321 337018.695500     7 8 219325.987612
19 499  0 321 337018.695500     7 8 219325.987612
20 499  0 321 337018.695500     7 8 219325.987612
21 499  0 321 337018.695500     7 8 219325.987612
22 499  0 321 337018.695500     7 8 219325.987612
23 499  0 321 337018.695500     7 8 219325.987612
24 499  0 321 337018.695500     7 8 219325.987612
25 499  0 321 337018.695500     7 8 219325.987612
26 499  0 321 337018.695500     7 8 219325.987612
27 499  0 321 337018.695500     7 8 219325.987612
28 499  0 321 337018.695500     7 8 219325.987612
29 499  0 321 337018.695500     7 8 219325.987612
30 499  0 321 337018.695500     7 8 219325.987612
31 499  0 321 337018.695500     7 8 219325.987612
32 499  0 321 337018.695500     7 8 219325.987612
33 499  0 321 337018.695500     7 8 219325.987612
34 499  0 321 337018.695500     7 8 219325.987612
35 499  0 321 337018.695500     7 8 219325.987612
36 499  0 321 337018.695500     7 8 219325.987612
37 499  0 321 337018.695500     7 8 219325.987612
38 499  0 321 337018.695500     7 8 219325.987612
39 499  0 321 337018.695500     7 8 219325.987612
40 499  0 321 337018.695500     7 8 219325.987612
41 499  0 321 337018.695500     7 8 219325.987612
42 499  0 321 337018.695500     7 8 219325.987612
43 499  0 321 337018.695500     7 8 219325.987612
44 499  0 321 337018.695500     7 8 219325.987612
45 499  0 321 337018.695500     7 8 219325.987612
46 499  0 321 337018.695500     7 8 219325.987612
47 499  0 321 337018.695500     7 8 219325.987612
48 499  0 321 337018.695500     7 8 219325.987612
49 499  0 321 337018.695500     7 8 219325.987612
50 499  0 321 337018.695500     7 8 219325.987612
51 499  0 321 337018.695500     7 8 219325.987612
52 499  0 321 337018.695500     7 8 219325.987612
53 499  0 321 337018.695500     7 8 219325.987612
54 499  0 321 337018.695500     7 8 219325.987612
55 499  0 321 337018.695500     7 8 219325.987612
56 499  0 321 337018.695500     7 8 219325.987612
57 499  0 321 337018.695500     7 8 219325.987612
58 499  0 321 337018.695500     7 8 219325.987612
59 499  0 321 337018.695500     7 8 219325.987612
60 499  0 321 337018.695500     7 8 219325.987612
61 499  0 321 337018.695500     7 8 219325.987612
62 499  0 321 337018.695500     7 8 219325.987612
63 499  0 321 337018.695500     7 8 219325.987612
64 499  0 321 337018.695500     7 8 219325.987612
65 499  0 321 337018.695500     7 8 219325.987612
66 499  0 321 337018.695500     7 8 219325.987612
67 499  0 321 337018.695500     7 8 219325.987612
68 499  0 321 337018.695500     7 8 219325.987612
69 499  0 321 337018.695500     7 8 219325.987612
70 499  0 321 337018.695500     7 8 219325.987612
71 499  0 321 337018.695500     7 8 219325.987612
72 499  0 321 337018.695500     7 8 219325.987612
73 499  0 321 337018.695500     7 8 219325.987612
74 499  0 321 337018.695500     7 8 219325.987612
75 499  0 321 337018.695500     7 8 219325.987612
76 499  0 321 337018.695500     76 77 218569.823008
77 499  0 321 337018.695500     77 78 217788.509251
78 499  0 321 337018.695500     77 78 217788.509251
79 499  0 321 337018.695500     77 78 217788.509251
80 499  0 321 337018.695500     77 78 217788.509251
81 499  0 321 337018.695500     77 78 217788.509251
82 499  0 321 337018.695500     77 78 217788.509251
83 499  0 321 337018.695500     77 78 217788.509251
84 499  0 321 337018.695500     77 78 217788.509251
85 499  0 321 337018.695500     77 78 217788.509251
86 499  0 321 337018.695500     77 78 217788.509251
87 499  0 321 337018.695500     77 78 217788.509251
88 499  0 321 337018.695500     77 78 217788.509251
89 499  0 321 337018.695500     89 90 217007.063104
90 499  0 321 337018.695500     89 90 217007.063104
91 499  0 321 337018.695500     89 90 217007.063104
92 499  0 321 337018.695500     89 90 217007.063104
93 499  0 321 337018.695500     89 90 217007.063104
94 499  0 321 337018.695500     89 90 217007.063104
95 499  0 321 337018.695500     89 90 217007.063104
96 499  0 321 337018.695500     89 90 217007.063104
97 499  0 321 337018.695500     89 90 217007.063104
98 499  0 321 337018.695500     89 90 217007.063104
99 499  0 321 337018.695500     89 90 217007.063104
100 499         0 321 337018.695500     89 90 217007.063104
101 499         0 321 337018.695500     89 90 217007.063104
102 499         0 321 337018.695500     89 90 217007.063104
103 499         0 321 337018.695500     89 90 217007.063104
104 499         0 321 337018.695500     89 90 217007.063104
105 499         0 321 337018.695500     89 90 217007.063104
106 499         0 321 337018.695500     89 90 217007.063104
107 499         0 321 337018.695500     89 90 217007.063104
108 499         0 321 337018.695500     89 90 217007.063104
109 499         0 321 337018.695500     89 90 217007.063104
110 499         0 321 337018.695500     89 90 217007.063104
111 499         0 321 337018.695500     89 90 217007.063104
112 499         0 321 337018.695500     89 90 217007.063104
113 499         0 321 337018.695500     89 90 217007.063104
114 499         0 321 337018.695500     89 90 217007.063104
115 499         0 321 337018.695500     89 90 217007.063104
116 499         0 321 337018.695500     89 90 217007.063104
117 499         0 321 337018.695500     89 90 217007.063104
118 499         0 321 337018.695500     89 90 217007.063104
119 499         0 321 337018.695500     89 90 217007.063104
120 499         0 321 337018.695500     89 90 217007.063104
121 499         0 321 337018.695500     89 90 217007.063104
122 499         0 321 337018.695500     89 90 217007.063104
123 499         0 321 337018.695500     89 90 217007.063104
124 499         0 321 337018.695500     89 90 217007.063104
125 499         0 321 337018.695500     89 90 217007.063104
126 499         0 321 337018.695500     89 90 217007.063104
127 499         0 321 337018.695500     89 90 217007.063104
128 499         0 321 337018.695500     89 90 217007.063104
129 499         0 321 337018.695500     89 90 217007.063104
130 499         0 321 337018.695500     89 90 217007.063104
131 499         0 321 337018.695500     89 90 217007.063104
132 499         0 321 337018.695500     132 133 216632.311778
133 499         0 321 337018.695500     132 133 216632.311778
134 499         0 321 337018.695500     132 133 216632.311778
135 499         0 321 337018.695500     132 133 216632.311778
136 499         0 321 337018.695500     132 133 216632.311778
137 499         0 321 337018.695500     132 133 216632.311778
138 499         0 321 337018.695500     132 133 216632.311778
139 499         0 321 337018.695500     132 133 216632.311778
140 499         0 321 337018.695500     132 133 216632.311778
141 499         0 321 337018.695500     132 133 216632.311778
142 499         0 321 337018.695500     132 133 216632.311778
143 499         0 321 337018.695500     132 133 216632.311778
144 499         0 321 337018.695500     132 133 216632.311778
145 499         0 321 337018.695500     132 133 216632.311778
146 499         0 321 337018.695500     132 133 216632.311778
147 499         0 321 337018.695500     132 133 216632.311778
148 499         0 321 337018.695500     132 133 216632.311778
149 499         0 321 337018.695500     132 133 216632.311778
150 499         0 321 337018.695500     132 133 216632.311778
151 499         0 321 337018.695500     132 133 216632.311778
152 499         0 321 337018.695500     132 133 216632.311778
153 499         0 321 337018.695500     132 133 216632.311778
154 499         0 321 337018.695500     132 133 216632.311778
155 499         0 321 337018.695500     132 133 216632.311778
156 499         0 321 337018.695500     132 133 216632.311778
157 499         0 321 337018.695500     132 133 216632.311778
158 499         0 321 337018.695500     132 133 216632.311778
159 499         0 321 337018.695500     132 133 216632.311778
160 499         0 321 337018.695500     132 133 216632.311778
161 499         0 321 337018.695500     132 133 216632.311778
162 499         0 321 337018.695500     132 133 216632.311778
163 499         0 321 337018.695500     132 133 216632.311778
164 499         0 321 337018.695500     132 133 216632.311778
165 499         0 321 337018.695500     132 133 216632.311778
166 499         0 321 337018.695500     132 133 216632.311778
167 499         0 321 337018.695500     132 133 216632.311778
168 499         0 321 337018.695500     132 133 216632.311778
169 499         0 321 337018.695500     132 133 216632.311778
170 499         0 321 337018.695500     132 133 216632.311778
171 499         0 321 337018.695500     132 133 216632.311778
172 499         0 321 337018.695500     132 133 216632.311778
173 499         0 321 337018.695500     132 133 216632.311778
174 499         0 321 337018.695500     132 133 216632.311778
175 499         0 321 337018.695500     132 133 216632.311778
176 499         0 321 337018.695500     132 133 216632.311778
177 499         0 321 337018.695500     132 133 216632.311778
178 499         0 321 337018.695500     132 133 216632.311778
179 499         0 321 337018.695500     132 133 216632.311778
180 499         0 321 337018.695500     132 133 216632.311778
181 499         0 321 337018.695500     132 133 216632.311778
182 499         0 321 337018.695500     132 133 216632.311778
183 499         0 321 337018.695500     132 133 216632.311778
184 499         0 321 337018.695500     132 133 216632.311778
185 499         0 321 337018.695500     132 133 216632.311778
186 499         0 321 337018.695500     132 133 216632.311778
187 499         0 321 337018.695500     132 133 216632.311778
188 499         0 321 337018.695500     132 133 216632.311778
189 499         0 321 337018.695500     132 133 216632.311778
190 499         0 321 337018.695500     132 133 216632.311778
191 499         0 321 337018.695500     132 133 216632.311778
192 499         0 321 337018.695500     132 133 216632.311778
193 499         0 321 337018.695500     132 133 216632.311778
194 499         0 321 337018.695500     132 133 216632.311778
195 499         0 321 337018.695500     132 133 216632.311778
196 499         0 321 337018.695500     132 133 216632.311778
197 499         0 321 337018.695500     132 133 216632.311778
198 499         0 321 337018.695500     198 199 203950.335010
199 499         0 321 337018.695500     198 199 203950.335010
200 499         0 321 337018.695500     198 199 203950.335010
201 499         0 321 337018.695500     198 199 203950.335010
202 499         0 321 337018.695500     198 199 203950.335010
203 499         0 321 337018.695500     198 199 203950.335010
204 499         0 321 337018.695500     198 199 203950.335010
205 499         0 321 337018.695500     198 199 203950.335010
206 499         0 321 337018.695500     198 199 203950.335010
207 499         0 321 337018.695500     198 199 203950.335010
208 499         0 321 337018.695500     198 199 203950.335010
209 499         0 321 337018.695500     198 199 203950.335010
210 499         0 321 337018.695500     198 199 203950.335010
211 499         0 321 337018.695500     211 212 182732.959578
212 499         0 321 337018.695500     211 212 182732.959578
213 499         0 321 337018.695500     211 212 182732.959578
214 499         0 321 337018.695500     211 212 182732.959578
215 499         0 321 337018.695500     211 212 182732.959578
216 499         0 321 337018.695500     211 212 182732.959578
217 499         0 321 337018.695500     211 212 182732.959578
218 499         0 321 337018.695500     211 212 182732.959578
219 499         0 321 337018.695500     211 212 182732.959578
220 499         0 321 337018.695500     211 212 182732.959578
221 499         0 321 337018.695500     211 212 182732.959578
222 499         0 321 337018.695500     211 212 182732.959578
223 499         0 321 337018.695500     211 212 182732.959578
224 499         0 321 337018.695500     211 212 182732.959578
225 499         0 321 337018.695500     211 212 182732.959578
226 499         0 321 337018.695500     211 212 182732.959578
227 499         0 321 337018.695500     211 212 182732.959578
228 499         0 321 337018.695500     211 212 182732.959578
229 499         0 321 337018.695500     211 212 182732.959578
230 499         0 321 337018.695500     211 212 182732.959578
231 499         0 321 337018.695500     211 212 182732.959578
232 499         0 321 337018.695500     211 212 182732.959578
233 499         0 321 337018.695500     211 212 182732.959578
234 499         0 321 337018.695500     211 212 182732.959578
235 499         0 321 337018.695500     211 212 182732.959578
236 499         0 321 337018.695500     211 212 182732.959578
237 499         0 321 337018.695500     211 212 182732.959578
238 499         0 321 337018.695500     211 212 182732.959578
239 499         0 321 337018.695500     211 212 182732.959578
240 499         0 321 337018.695500     211 212 182732.959578
241 499         0 321 337018.695500     211 212 182732.959578
242 499         0 321 337018.695500     211 212 182732.959578
243 499         0 321 337018.695500     211 212 182732.959578
244 499         0 321 337018.695500     211 212 182732.959578
245 499         0 321 337018.695500     211 212 182732.959578
246 499         0 321 337018.695500     211 212 182732.959578
247 499         0 321 337018.695500     211 212 182732.959578
248 499         0 321 337018.695500     211 212 182732.959578
249 499         0 321 337018.695500     211 212 182732.959578
250 499         0 321 337018.695500     211 212 182732.959578
251 499         0 321 337018.695500     211 212 182732.959578
252 499         0 321 337018.695500     211 212 182732.959578
253 499         0 321 337018.695500     211 212 182732.959578
254 499         0 321 337018.695500     211 212 182732.959578
255 499         0 321 337018.695500     211 212 182732.959578
256 499         0 321 337018.695500     211 212 182732.959578
257 499         0 321 337018.695500     211 212 182732.959578
258 499         0 321 337018.695500     211 212 182732.959578
259 499         0 321 337018.695500     211 212 182732.959578
260 499         0 321 337018.695500     211 212 182732.959578
261 499         0 321 337018.695500     211 212 182732.959578
262 499         0 321 337018.695500     211 212 182732.959578
263 499         0 321 337018.695500     211 212 182732.959578
264 499         0 321 337018.695500     211 212 182732.959578
265 499         0 321 337018.695500     211 212 182732.959578
266 499         0 321 337018.695500     211 212 182732.959578
267 499         0 321 337018.695500     211 212 182732.959578
268 499         0 321 337018.695500     211 212 182732.959578
269 499         0 321 337018.695500     211 212 182732.959578
270 499         0 321 337018.695500     211 212 182732.959578
271 499         0 321 337018.695500     211 212 182732.959578
272 499         0 321 337018.695500     211 212 182732.959578
273 499         0 321 337018.695500     211 212 182732.959578
274 499         0 321 337018.695500     211 212 182732.959578
275 499         0 321 337018.695500     211 212 182732.959578
276 499         0 321 337018.695500     211 212 182732.959578
277 499         0 321 337018.695500     211 212 182732.959578
278 499         0 321 337018.695500     211 212 182732.959578
279 499         0 321 337018.695500     211 212 182732.959578
280 499         0 321 337018.695500     211 212 182732.959578
281 499         0 321 337018.695500     211 212 182732.959578
282 499         0 321 337018.695500     211 212 182732.959578
283 499         0 321 337018.695500     211 212 182732.959578
284 499         0 321 337018.695500     211 212 182732.959578
285 499         0 321 337018.695500     211 212 182732.959578
286 499         0 321 337018.695500     211 212 182732.959578
287 499         0 321 337018.695500     211 212 182732.959578
288 499         0 321 337018.695500     211 212 182732.959578
289 499         0 321 337018.695500     211 212 182732.959578
290 499         0 321 337018.695500     211 212 182732.959578
291 499         0 321 337018.695500     211 212 182732.959578
292 499         0 321 337018.695500     211 212 182732.959578
293 499         0 321 337018.695500     211 212 182732.959578
294 499         0 321 337018.695500     211 212 182732.959578
295 499         0 321 337018.695500     211 212 182732.959578
296 499         0 321 337018.695500     211 212 182732.959578
297 499         0 321 337018.695500     211 212 182732.959578
298 499         0 321 337018.695500     211 212 182732.959578
299 499         0 321 337018.695500     211 212 182732.959578
300 499         0 321 337018.695500     211 212 182732.959578
301 499         0 321 337018.695500     211 212 182732.959578
302 499         0 321 337018.695500     211 212 182732.959578
303 499         0 321 337018.695500     211 212 182732.959578
304 499         0 321 337018.695500     211 212 182732.959578
305 499         0 321 337018.695500     211 212 182732.959578
306 499         0 321 337018.695500     211 212 182732.959578
307 499         0 321 337018.695500     211 212 182732.959578
308 499         0 321 337018.695500     211 212 182732.959578
309 499         0 321 337018.695500     211 212 182732.959578
310 499         0 321 337018.695500     211 212 182732.959578
311 499         0 321 337018.695500     211 212 182732.959578
312 499         0 321 337018.695500     211 212 182732.959578
313 499         0 321 337018.695500     211 212 182732.959578
314 499         0 321 337018.695500     211 212 182732.959578
315 499         0 321 337018.695500     211 212 182732.959578
316 499         0 321 337018.695500     211 212 182732.959578
317 499         0 321 337018.695500     211 212 182732.959578
318 499         0 321 337018.695500     211 212 182732.959578
319 499         0 321 337018.695500     211 212 182732.959578
320 499         0 321 337018.695500     211 212 182732.959578
321 499         0 321 337018.695500     211 212 182732.959578
322 499         0 321 337018.695500     211 212 182732.959578
323 499         0 321 337018.695500     211 212 182732.959578
324 499         0 321 337018.695500     211 212 182732.959578
325 499         0 321 337018.695500     211 212 182732.959578
326 499         0 321 337018.695500     211 212 182732.959578
327 499         0 321 337018.695500     211 212 182732.959578
328 499         0 321 337018.695500     211 212 182732.959578
329 499         0 321 337018.695500     211 212 182732.959578
330 499         0 321 337018.695500     211 212 182732.959578
331 499         0 321 337018.695500     211 212 182732.959578
332 499         0 321 337018.695500     211 212 182732.959578
333 499         0 321 337018.695500     211 212 182732.959578
334 499         0 321 337018.695500     211 212 182732.959578
335 499         0 321 337018.695500     211 212 182732.959578
336 499         0 321 337018.695500     211 212 182732.959578
337 499         0 321 337018.695500     211 212 182732.959578
338 499         0 321 337018.695500     211 212 182732.959578
339 499         0 321 337018.695500     211 212 182732.959578
340 499         0 321 337018.695500     211 212 182732.959578
341 499         0 321 337018.695500     211 212 182732.959578
342 499         0 321 337018.695500     211 212 182732.959578
343 499         0 321 337018.695500     211 212 182732.959578
344 499         0 321 337018.695500     211 212 182732.959578
345 499         0 321 337018.695500     211 212 182732.959578
346 499         0 321 337018.695500     211 212 182732.959578
347 499         0 321 337018.695500     211 212 182732.959578
348 499         0 321 337018.695500     211 212 182732.959578
349 499         0 321 337018.695500     211 212 182732.959578
350 499         0 321 337018.695500     211 212 182732.959578
351 499         0 321 337018.695500     211 212 182732.959578
352 499         0 321 337018.695500     211 212 182732.959578
353 499         0 321 337018.695500     211 212 182732.959578
354 499         0 321 337018.695500     211 212 182732.959578
355 499         0 321 337018.695500     211 212 182732.959578
356 499         0 321 337018.695500     211 212 182732.959578
357 499         0 321 337018.695500     211 212 182732.959578
358 499         0 321 337018.695500     211 212 182732.959578
359 499         0 321 337018.695500     211 212 182732.959578
360 499         0 321 337018.695500     211 212 182732.959578
361 499         0 321 337018.695500     211 212 182732.959578
362 499         0 321 337018.695500     211 212 182732.959578
363 499         0 321 337018.695500     211 212 182732.959578
364 499         0 321 337018.695500     211 212 182732.959578
365 499         0 321 337018.695500     211 212 182732.959578
366 499         0 321 337018.695500     211 212 182732.959578
367 499         0 321 337018.695500     211 212 182732.959578
368 499         0 321 337018.695500     211 212 182732.959578
369 499         0 321 337018.695500     211 212 182732.959578
370 499         0 321 337018.695500     211 212 182732.959578
371 499         0 321 337018.695500     211 212 182732.959578
372 499         0 321 337018.695500     211 212 182732.959578
373 499         0 321 337018.695500     211 212 182732.959578
374 499         0 321 337018.695500     211 212 182732.959578
375 499         0 321 337018.695500     211 212 182732.959578
376 499         0 321 337018.695500     211 212 182732.959578
377 499         0 321 337018.695500     211 212 182732.959578
378 499         0 321 337018.695500     211 212 182732.959578
379 499         0 321 337018.695500     211 212 182732.959578
380 499         0 321 337018.695500     211 212 182732.959578
381 499         0 321 337018.695500     211 212 182732.959578
382 499         0 321 337018.695500     211 212 182732.959578
383 499         0 321 337018.695500     211 212 182732.959578
384 499         0 321 337018.695500     211 212 182732.959578
385 499         0 321 337018.695500     211 212 182732.959578
386 499         0 321 337018.695500     211 212 182732.959578
387 499         0 321 337018.695500     211 212 182732.959578
388 499         0 321 337018.695500     211 212 182732.959578
389 499         0 321 337018.695500     211 212 182732.959578
390 499         0 321 337018.695500     211 212 182732.959578
391 499         0 321 337018.695500     211 212 182732.959578
392 499         0 321 337018.695500     211 212 182732.959578
393 499         0 321 337018.695500     211 212 182732.959578
394 499         0 321 337018.695500     211 212 182732.959578
395 499         0 321 337018.695500     211 212 182732.959578
396 499         0 321 337018.695500     211 212 182732.959578
397 499         0 321 337018.695500     211 212 182732.959578
398 499         0 321 337018.695500     211 212 182732.959578
399 499         0 321 337018.695500     211 212 182732.959578
400 499         0 321 337018.695500     211 212 182732.959578
401 499         0 321 337018.695500     211 212 182732.959578
402 499         0 321 337018.695500     211 212 182732.959578
403 499         0 321 337018.695500     211 212 182732.959578
404 499         0 321 337018.695500     211 212 182732.959578
405 499         0 321 337018.695500     211 212 182732.959578
406 499         0 321 337018.695500     211 212 182732.959578
407 499         0 321 337018.695500     211 212 182732.959578
408 499         0 321 337018.695500     211 212 182732.959578
409 499         0 321 337018.695500     211 212 182732.959578
410 499         0 321 337018.695500     211 212 182732.959578
411 499         0 321 337018.695500     211 212 182732.959578
412 499         0 321 337018.695500     211 212 182732.959578
413 499         0 321 337018.695500     211 212 182732.959578
414 499         0 321 337018.695500     211 212 182732.959578
415 499         0 321 337018.695500     211 212 182732.959578
416 499         0 321 337018.695500     211 212 182732.959578
417 499         0 321 337018.695500     211 212 182732.959578
418 499         0 321 337018.695500     211 212 182732.959578
419 499         0 321 337018.695500     211 212 182732.959578
420 499         0 321 337018.695500     211 212 182732.959578
421 499         0 321 337018.695500     211 212 182732.959578
422 499         0 321 337018.695500     211 212 182732.959578
423 499         0 321 337018.695500     211 212 182732.959578
424 499         0 321 337018.695500     211 212 182732.959578
425 499         0 321 337018.695500     211 212 182732.959578
426 499         0 321 337018.695500     211 212 182732.959578
427 499         0 321 337018.695500     211 212 182732.959578
428 499         0 321 337018.695500     211 212 182732.959578
429 499         0 321 337018.695500     211 212 182732.959578
430 499         0 321 337018.695500     211 212 182732.959578
431 499         0 321 337018.695500     211 212 182732.959578
432 499         0 321 337018.695500     211 212 182732.959578
433 499         0 321 337018.695500     211 212 182732.959578
434 499         0 321 337018.695500     211 212 182732.959578
435 499         0 321 337018.695500     211 212 182732.959578
436 499         0 321 337018.695500     211 212 182732.959578
437 499         0 321 337018.695500     211 212 182732.959578
438 499         0 321 337018.695500     211 212 182732.959578
439 499         0 321 337018.695500     211 212 182732.959578
440 499         0 321 337018.695500     211 212 182732.959578
441 499         0 321 337018.695500     211 212 182732.959578
442 499         0 321 337018.695500     211 212 182732.959578
443 499         0 321 337018.695500     211 212 182732.959578
444 499         0 321 337018.695500     211 212 182732.959578
445 499         0 321 337018.695500     211 212 182732.959578
446 499         0 321 337018.695500     211 212 182732.959578
447 499         0 321 337018.695500     211 212 182732.959578
448 499         0 321 337018.695500     211 212 182732.959578
449 499         0 321 337018.695500     211 212 182732.959578
450 499         0 321 337018.695500     211 212 182732.959578
451 499         0 321 337018.695500     211 212 182732.959578
452 499         0 321 337018.695500     211 212 182732.959578
453 499         0 321 337018.695500     211 212 182732.959578
454 499         0 321 337018.695500     211 212 182732.959578
455 499         0 321 337018.695500     211 212 182732.959578
456 499         0 321 337018.695500     211 212 182732.959578
457 499         0 321 337018.695500     211 212 182732.959578
458 499         0 321 337018.695500     211 212 182732.959578
459 499         0 321 337018.695500     211 212 182732.959578
460 499         0 321 337018.695500     211 212 182732.959578
461 499         0 321 337018.695500     211 212 182732.959578
462 499         0 321 337018.695500     211 212 182732.959578
463 499         0 321 337018.695500     211 212 182732.959578
464 499         0 321 337018.695500     211 212 182732.959578
465 499         0 321 337018.695500     211 212 182732.959578
466 499         0 321 337018.695500     211 212 182732.959578
467 499         0 321 337018.695500     211 212 182732.959578
468 499         0 321 337018.695500     211 212 182732.959578
469 499         0 321 337018.695500     211 212 182732.959578
470 499         0 321 337018.695500     211 212 182732.959578
471 499         0 321 337018.695500     211 212 182732.959578
472 499         0 321 337018.695500     211 212 182732.959578
473 499         0 321 337018.695500     211 212 182732.959578
474 499         0 321 337018.695500     211 212 182732.959578
475 499         0 321 337018.695500     211 212 182732.959578
476 499         0 321 337018.695500     211 212 182732.959578
477 499         0 321 337018.695500     211 212 182732.959578
478 499         0 321 337018.695500     211 212 182732.959578
479 499         0 321 337018.695500     211 212 182732.959578
480 499         0 321 337018.695500     211 212 182732.959578
481 499         0 321 337018.695500     211 212 182732.959578
482 499         0 321 337018.695500     211 212 182732.959578
483 499         0 321 337018.695500     211 212 182732.959578
484 499         0 321 337018.695500     211 212 182732.959578
485 499         0 321 337018.695500     211 212 182732.959578
486 499         0 321 337018.695500     211 212 182732.959578
487 499         0 321 337018.695500     211 212 182732.959578
488 499         0 321 337018.695500     211 212 182732.959578
489 499         0 321 337018.695500     211 212 182732.959578
490 499         0 321 337018.695500     211 212 182732.959578
491 499         0 321 337018.695500     211 212 182732.959578
492 499         0 321 337018.695500     211 212 182732.959578
493 499         0 321 337018.695500     211 212 182732.959578
494 499         0 321 337018.695500     211 212 182732.959578
495 499         0 321 337018.695500     211 212 182732.959578
496 499         0 321 337018.695500     211 212 182732.959578
497 499         0 321 337018.695500     211 212 182732.959578
498 499         0 321 337018.695500     211 212 182732.959578
499 499         0 321 337018.695500     211 212 182732.959578
Using time : 259287.538000 ms
max : 0 321 337018.695500
min : 211 212 182732.959578
